10101191
10102727
11027256
11036790
11050903
11053726
11069029
11073544
11078568
11079313
11088038
11105021
11106317
11115429
11127815
11127869
11129462
11143775
11149476
11161020
11167143
11168589
11169509
11181311
11186670
11188102
11196456
11207326
11233826
11238672
11242111
11246234
11249585
11258272
11258591
11284226
11286175
11292714
11294846
11319137
11343034
11417763
11423138
11424127
11424206
11425006
11427990
11429774
11431082
11438266
11438277
11447006
11447103
11447855
11449395
11457533
11470235
11470242
11473965
11504117
11504135
11505120
11506622
11507621
11507928
11509636
11511320
11514563
11519770
11519858
11519862
11519863
11530546
11530699
11530700
11530703
11530708
11535738
11538609
11538614
11551043
11551231
11551263
11551264
11551349
11552664
11554478
11575197
11577236
11581367
11581370
11614154
11617470
11624049
11626761
11626892
11629121
11630463
11631630
11632183
11635742
11639191
11639276
11639927
11700587
11751991
11759806
11775321
11775970
11777577
11780186
11786307
11791018
11799722
11807013
11815624
11816452
11817825
11841307
11845395
11863086
11913526
11922460
11977848
12010180
12024359
12025595
12060910
12714573
12715544
12787184
12788036
12922532
12968738
12968816
12968829
12968843
12968916
12968921
12968922
12968924
12968925
12968927
12968928
12968929
12968938
12968940
12972643
12972968
12973076
12973087
12973088
12973103
13016059
13033013
13061000
13065841
13104183
13151016
13160773
13161687
13173008
13183587
13188033
13221146
13240907
13287876
13287878
13287912
13288030
13292725
13293103
13294499
13297273
13300426
13306407
13327240
13330809
13341753
13342856
13342889
13350605
13351340
13353162
13354550
13355513
13355518
13355539
13355542
13355543
13358894
13359482
13362349
13365370
13372973
13395330
13395336
13395391
13406392
13409068
13409076
13454599
13457377
13499801
13505178
13515373
13519045
13531317
13531349
13531356
13532046
13532105
13532151
13532188
13532198
13532394
13537006
13537332
13537335
13537497
13537839
13539136
13539183
13539195
13539397
13545629
13545640
13545650
13548111
13564921
13565716
13565733
13567302
13569475
13569502
13575867
13576340
13577226
13582854
13590349
13592962
13599035
13601700
13627608
13651708
13651724
13653381
13653398
13679858
13685525
13706338
13716373
13722888
13724582
13724583
13724650
13725793
13725937
13726685
13727083
13730387
13731680
13732651
13737539
13740975
13741166
13741486
13741522
13743308
13743330
13743839
13751467
13762420
13767628
10101321
11006839
11013103
11025828
11036694
11038673
11081340
11086094
11086845
11094023
11094747
11095275
11115098
11119962
11133906
11139681
11145485
11166924
11173058
11175795
11177275
11181343
11201244
11223288
11239589
11242947
11244064
11255113
11259829
11269840
11271840
11275734
11277467
11282233
11282531
11282805
11289693
11290851
11293891
11299821
11308744
11315850
11391124
11420226
11421689
11421845
11425712
11427366
11428977
11429199
11429920
11433473
11434279
11438091
11439117
11441025
11441998
11450249
11455945
11455954
11457744
11464950
11469931
11470206
11476442
11478004
11504956
11505336
11506242
11506655
11507914
11508033
11509416
11521339
11527784
11528959
11529286
11529436
11534454
11538666
11538671
11546855
11548594
11551257
11551262
11553793
11561193
11561232
11561862
11572835
11576089
11576748
11577051
11577237
11577323
11579540
11579971
11580630
11580716
11581060
11581361
11581365
11581371
11621338
11621911
11625170
11625197
11625202
11625293
11625501
11626835
11626839
11626885
11630202
11639093
11639265
11640866
11744783
11745290
11747962
11748437
11777569
11777572
11779015
11794619
11807033
11816030
11817221
11817656
11818373
11930425
11949671
11964083
12005322
12008093
12045556
12052967
12056625
12107439
12135997
12179637
12182562
12285909
12293909
12592175
12708693
12715038
12716464
12725207
12785911
12786411
12804113
12872485
12902717
12968654
12968659
12968698
12968712
12968798
12968800
12968802
12968811
12968813
12968817
12968830
12968838
12968867
12968913
12968926
12968931
12968932
12968934
12968935
12968937
12968939
12968998
12969017
12969038
12972969
12972972
12973050
12973077
12973097
12973100
12973305
12973332
13074721
13155174
13161617
13187847
13187855
13192069
13220927
13287641
13288001
13292834
13293101
13297954
13300413
13300448
13308188
13341683
13341767
13341771
13341777
13342830
13342850
13342884
13342919
13344021
13344024
13348982
13350654
13351222
13351345
13355544
13359439
13362335
13373183
13413308
13446553
13507675
13514317
13515351
13515354
13515356
13515380
13516091
13516099
13516110
13519039
13531323
13531715
13531958
13532012
13532043
13532103
13532149
13536845
13536926
13536934
13537124
13537152
13537372
13537512
13537603
13537816
13543315
13543343
13545610
13545658
13545685
13548118
13548119
13548167
13548187
13548189
13569506
13569512
13582812
13584474
13587615
13600889
13619891
13633616
13651725
13651740
13651771
13653346
13671725
13697528
13698820
13716898
13723227
NULL
11017307
11020992
11022590
11028502
11032834
11044102
11044415
11060625
11089216
11093818
11105330
11108741
11112322
11112901
11113905
11137129
11147644
11155492
11155615
11157617
11164359
11164613
11165164
11170961
11181589
11235841
11236925
11242232
11270879
11283482
11285726
11288138
11299613
11308901
11317138
11358787
11359340
11359578
11375249
11391435
11420230
11421756
11423369
11423690
11425429
11425825
11426169
11427288
11432239
11434476
11434940
11436121
11438273
11438288
11451607
11451673
11457292
11459332
11460071
11460088
11467416
11467560
11468117
11469988
11473368
11496995
11502302
11506149
11510381
11510772
11510961
11529412
11530549
11531869
11532004
11532029
11535741
11537111
11546891
11551259
11552371
11575159
11576866
11582206
11582566
11584619
11622767
11623209
11625257
11626836
11626841
11626886
11626890
11626891
11628015
11636238
11639266
11639270
11639271
11642664
11776853
11777049
11777564
11777578
11778402
11782253
11785019
11785541
11797656
11817363
11828645
11868041
11870594
11924124
11955216
11962337
11965700
11998969
12020683
12056171
12064322
12123307
12139677
12177769
12177777
12204708
12302721
12320573
12637547
12652768
12714634
12716487
12724717
12786334
12788107
12876379
12922868
12968671
12968715
12968719
12968736
12968803
12968804
12968833
12968846
12968914
12968915
12968917
12968918
12968919
12968930
12968933
12969037
12972282
12972325
12972492
12972570
12972571
12972589
12972825
12973023
12973101
12973102
12973107
12973154
12973184
13014455
13053299
13065836
13065839
13074843
13103677
13150783
13173367
13183309
13193081
13229763
13239885
13287898
13287947
13288005
13290121
13290867
13299253
13299772
13305527
13326907
13341953
13342522
13343484
13343503
13345898
13349120
13353219
13354571
13358087
13382454
13416752
13420185
13432420
13447706
13496384
13499545
13501543
13511624
13519027
13520277
13520283
13520292
13531957
13532211
13532384
13536935
13537429
13537498
13537513
13537835
13539131
13539399
13539400
13543353
13545588
13545620
13545623
13548083
13562032
13565695
13569430
13569470
13569487
13569568
13590378
13599022
13651691
13651711
13651788
13653396
13667286
13718157
13723276
13723329
13724584
13724631
13725867
13730461
13731160
13731170
13731472
13731690
13731877
13731958
13731971
13733118
13737515
13737532
13738574
13739335
13739566
13741482
13741519
13741531
13742323
13742359
13746719
13746737
13762273
13762274
13762408
13767036
13767551
13777269
13779772
13789751
13790163
10102067
11023432
11040006
11040456
11078097
11081321
11082666
11090240
11094553
11104633
11115266
11120540
11124394
11148363
11165118
11165806
11173407
11183850
11184319
11207019
11209441
11215375
11217266
11219994
11220768
11250448
11253807
11259732
11272522
11276348
11282820
11283401
11294762
11298702
11305652
11312019
11322181
11354995
11388303
11425721
11425829
11428536
11429315
11430092
11431899
11435967
11438275
11438285
11438324
11439128
11448638
11455923
11456007
11461099
11471424
11471689
11472157
11472499
11472522
11473011
11473590
11475957
11487924
11490291
11496576
11503697
11503924
11510599
11519857
11519859
11519860
11519867
11522231
11529419
11530547
11530548
11530555
11536946
11536947
11538435
11546849
11548653
11548661
11549692
11549721
11552422
11552584
11567422
11575573
11575918
11577034
11577234
11581359
11614673
11626594
11626834
11626837
11626838
11626887
11626888
11628007
11741604
11747011
11747645
11756520
11770125
11775320
11777143
11777568
11777573
11777575
11777608
11777613
11779079
11780541
11782272
11786591
11787158
11787196
11814891
11817183
11817259
11817300
11840358
11844075
11994854
12003338
12010332
12097222
12102726
12151853
12171279
12190855
12540395
12785563
12786730
12922615
12924057
12968646
12968653
12968699
12968718
12968734
12968737
12968770
12968786
12968836
12968840
12968842
12968920
12968923
12968936
12972579
12972617
12973012
12973031
12973098
12973099
12973108
12973313
13033032
13041864
13043234
13065840
13102761
13150750
13158629
13162082
13221648
13226226
13273786
13274708
13288025
13288049
13288096
13288237
13292754
13297299
13342934
13342939
13342964
13342965
13344015
13345121
13356030
13357982
13367470
13372958
13402364
13411110
13422608
13435041
13435652
13466213
13513028
13514306
13514316
13516094
13516102
13519036
13519053
13532049
13532127
13532170
13532199
13532215
13532219
13537114
13537227
13537431
13537500
13537790
13539181
13539184
13540708
13543329
13545567
13545584
13548084
13548109
13548113
13555478
13565698
13565765
13569193
13569471
13569510
13569548
13579331
13582795
13582850
13582855
13582856
13590311
13590345
13590352
13636599
13651803
13653366
13667170
13671699
13677609
13703330
13719084
13724761
13725880
13725894
13727046
13730562
13731678
13731875
13732271
13732606
13733120
13733331
13739326
13739345
13743842
13743983
13746694
13746740
13746752
13751481
13751572
13762487
13767034
13778026
13784004
13794799
13808460
13812985
13830315
13831457
13831479
13793862
13807686
13807711
13808397
13809167
13812904
13821278
13821328
13821821
13826395
13829135
13830241
13834191
13835437
13843063
13843078
13845171
13845366
13845490
13847694
13850054
13852899
13855887
13856470
13856484
13870435
13873043
13882869
13882949
13882981
13902783
13905201
13908937
13999269
14003377
14003528
14005019
14005972
14005973
14012940
14014393
14014440
14016589
14016615
14018162
14018222
14023034
14026153
14026172
14026185
14027096
14032038
14035925
14036077
14062847
14065496
14106216
14146292
14151247
14151273
14151274
14151279
14151342
14151349
14151652
14151748
14151781
14151821
14155631
14179695
14179704
14182376
14229944
14236381
14236431
14236474
14252567
14423952
14455673
14466092
15184641
15382987
15398221
19055145
19314074
19345104
19367142
19423080
19548988
20503736
20543777
20545289
20566328
20567812
20567820
20584862
20612728
20874142
20990631
20999410
20999438
20999470
20999473
21114140
21175341
21176935
21176950
21176967
21177288
21177304
21177605
21177745
21177803
21178299
21178323
21293792
21373707
21374568
21443678
21444227
21445753
21483778
21583836
21584345
21833740
21833768
21876889
22273752
22984427
27162587
27178947
27188958
27200595
27202469
27242541
27374321
27391152
27391227
27399502
27399519
13723460
13724581
13724660
13725797
13725994
13727300
13727307
13729982
13730150
13731162
13731175
13731871
13732276
13732622
13732796
13733769
13737568
13738538
13742349
13742418
13742421
13742501
13743904
13746317
13746350
13746377
13746380
13746408
13746514
13746654
13746733
13746769
13751879
13754186
13760562
13767021
13767559
13775266
13777140
13777288
13781301
13786586
13796220
13800456
13803287
13807648
13808187
13830343
13830437
13830993
13831313
13831436
13831485
13831788
13838013
13838263
13838271
13839273
13839994
13839996
13840023
13841953
13846519
13850055
13850060
13850063
13850384
13858239
13867875
13882970
13899276
13899485
13905293
13905501
13907095
13908822
14004624
14005817
14013711
14014564
14016608
14016640
14017001
14018724
14025961
14026199
14026618
14026700
14028026
14031503
14042790
14054505
14083153
14100201
14105356
14106228
14112422
14151314
14152748
14154094
14178282
14181629
14182255
14183314
14228545
14236351
14236419
14236643
14236760
14240536
14240772
14240780
14252029
14408045
14467526
15162323
15184703
15398986
15448829
15477734
15487494
15491290
16061639
18769913
18959073
19033526
19107025
19231801
19284603
19345692
19465208
19493623
19499417
19571487
19643734
20444203
20444271
20543692
20543719
20543844
20545186
20566546
20583834
20584904
20624060
20624112
20715260
20794281
21153867
21176983
21177216
21177230
21177785
21178275
21178281
21178314
21293659
21293772
21443673
21444272
21445668
21446049
21543772
21624262
21813689
21833815
21833828
21833892
27166495
27171699
27202473
27390815
27398191
27399514
27400284
27864917
13780597
13782056
13789563
13808344
13808356
13809303
13814965
13815891
13833051
13833123
13834129
13838016
13840039
13840342
13841888
13845444
13848126
13850080
13850301
13858011
13861670
13883420
13884056
13885445
13981532
14001789
14003375
14003452
14004621
14010999
14011024
14014439
14016607
14016639
14019857
14019986
14021454
14021456
14021766
14022037
14022111
14025962
14027276
14027294
14027733
14027768
14028173
14028174
14031411
14031817
14031900
14035963
14038762
14055685
14083170
14083413
14083447
14084613
14095267
14105184
14105339
14106592
14116559
14150137
14156406
14158633
14162886
14181135
14207037
14222335
14234080
14236853
14236873
14244333
14253098
14253851
14258608
14395639
14487962
14530899
14569475
15011375
15054205
15396977
15477313
15477716
15477749
15585343
15634942
18724536
18785619
19055148
19299396
19504810
19625453
19629651
20444255
20543691
20566664
20567794
20584448
20584978
20715265
20990357
20990691
21114105
21114138
21154369
21176911
21176962
21177205
21177207
21177233
21177285
21177772
21178293
21178391
21263513
21273701
21293771
21337531
21443912
21445525
21703776
21705331
21833661
26880078
27202846
27373824
27390855
27391185
27391257
27391316
27391881
27400353
29995044
13831518
13833908
13835578
13838270
13839390
13841287
13843097
13851602
13856482
13873050
13882953
13882978
13883029
13903902
13905610
13906042
13970770
13973762
13981416
13983528
13987737
13999052
14001755
14003647
14004933
14005457
14008246
14011195
14011316
14011980
14012703
14012782
14012887
14013305
14017208
14018159
14018161
14021446
14025579
14026237
14026714
14027280
14028988
14038297
14038605
14083178
14083181
14090046
14106215
14106222
14106649
14107327
14119982
14151170
14151385
14151851
14152326
14152755
14154005
14154016
14154073
14154098
14180338
14180800
14196097
14196328
14196397
14205179
14236329
14236398
14236638
14252024
14252100
14253104
14397352
14441813
14457554
14486360
14551984
14587702
15447179
15477704
15514686
15579160
15585734
15585781
16135866
18958626
19107135
19120052
19214140
19354443
19367351
19539821
19550761
20545056
20545080
20545276
20563872
20566124
20566338
20583994
20585572
20714653
20715238
20794257
20990654
21114137
21153705
21153875
21177361
21177426
21178277
21178282
21178298
21178303
21178311
21703687
21703700
21704193
21704768
21704977
21705397
21705684
21706043
21813694
21833737
22273759
27314064
27383670
27391234
27391297
27400208
28988001