11305652
19284603
27391234
11175795
11464950
20566664
13731160
11551043
13539136
11614673
14155631
19214140
21177803
11840358
14116559
13821278
20566546
19625453
13342919
11438275
11551257
13532384
14011024
19299396
20444203
13907095
13762274
14162886
13970770
14487962
11288138
11553793
13840023
13532043
14105356
14083170
11112322
14035963
13531958
21177233
19423080
11508033
12788107
14016639
13796220
11628007
13532105
21153705
13743904
21178282
11090240
13162082
13357982
19120052
11841307
11632183
13835437
13515373
13767036
11576748
11475957
11581371
13435041
13435652
11473011
13520277
14011980
27171699
12924057
13061000
12968738
21293792
11496576
14026153
11448638
12968699
21178303
11581359
11639266
14151781
21177772
14423952
21704193
11124394
13548083
13287898
13536926
14236474
13830343
14107327
14530899
12922868
11577236
21704768
11441998
11510772
12637547
13905201
13831457
12968846
11053726
13537816
11108741
13569487
21705397
14150137
11561193
12190855
20715238
13850301
13545650
13569510
13841287
11112901
13845171
13516091
14234080
11511320
12064322
21178275
11079313
11622767
11551231
13808397
12968654
11258591
11639270
21176983
27202846
13685525
13413308
20566124
13288096
13601700
12968918
11777564
11235841
21293659
14207037
21876889
13677609
13724761
11577234
13867875
11786307
14018159
14551984
11785019
14005972
11184319
11294846
13341753
13841888
14408045
12973077
13852899
13882949
14014564
11582206
14055685
13834191
13838016
20543777
21337531
13373183
19465208
11284226
11476442
12969017
13777140
27200595
12008093
13297273
13103677
13341953
11538435
13731170
13344021
13515351
11375249
21705684
13987737
13592962
14003647
27373824
12968923
13600889
11472157
11282233
11621338
11317138
11127869
11538671
14012940
13821821
13731875
12786411
13402364
21178311
19539821
11576866
13192069
15054205
13809303
11519863
12968922
19107025
14467526
13532394
11496995
11777569
13351222
12973098
13161617
13587615
14025579
13856484
11504135
14240772
13855887
11538614
11817221
21175341
13545584
13155174
11506622
11505336
11164359
14395639
14010999
27391316
13341767
11025828
12973332
11775321
13420185
11233826
13537006
13288001
11417763
13548118
11787158
11242947
14090046
13731871
13548084
12968659
12097222
13716898
13187847
12968802
12320573
13599022
12592175
12968930
13582850
11250448
11438277
14038297
11509636
11924124
11817825
13292754
14083178
21114137
11436121
11530700
13848126
11639191
11081340
13343484
20584862
13856470
11460071
11429199
13519053
13653346
11639093
13220927
15448829
11635742
11581361
13740975
19571487
11552584
27390855
13537500
11817363
21446049
10101321
11816030
13345898
14151247
14154073
12010180
20999410
11535738
14151342
12969038
11426169
11817183
11040006
11791018
11817300
11567422
14062847
21833815
11551349
12716464
20545186
13584474
11432239
19345104
11115429
11626836
13545620
12972325
13981416
11548653
14105339
13730562
14180338
14236638
11173407
28988001
11277467
13651711
13767559
13545610
13548111
13344024
20624060
13065840
11546891
11166924
12968798
11799722
11038673
11456007
12973076
11551262
12715544
13651724
21178323
14441813
11073544
12652768
13839996
11546855
11572835
13342939
11779015
11438273
13847694
15477734
13627608
13515380
13737515
13746694
13767021
13906042
14013711
11164613
12973023
13790163
13850060
13636599
27399514
11447103
13729982
12968734
12540395
27400284
27188958
13751481
11207019
11998969
11949671
13905293
14028988
11060625
11522231
21445668
13653381
13873043
11744783
13543329
13342830
19643734
13240907
11115098
11473368
11780541
11434940
21583836
13288030
11561862
13738574
11965700
12973101
12293909
11285726
11269840
13520292
13667286
11259732
11537111
14027096
13829135
13599035
11467560
11532029
18769913
11519859
13731971
13342964
11487924
12973107
12107439
14252100
12973154
13537332
13724660
11181343
11530708
14003528
13537152
11165806
11429774
12708693
13723460
13569470
14154016
13789751
12182562
11814891
13341771
20566338
11817259
14236398
13743839
13539399
11148363
13545588
11870594
12714573
13803287
12786730
11433473
14016640
11639265
11625293
21177304
11457533
11506242
13496384
11425712
13732796
14016608
13539400
13351340
11777575
21373707
11815624
20612728
14196097
13548167
15491290
12968938
12968931
15514686
12716487
21624262
13746654
11082666
14569475
13590349
13826395
13851602
15579160
13742323
14031817
11626834
11868041
27390815
12725207
11424206
14151748
14253851
13831485
11459332
13294499
14151349
12179637
13719084
11807013
12204708
13395391
13359439
14587702
18958626
14151274
21176967
13545685
14022111
14031503
13870435
11027256
13703330
11427366
13742418
21114138
13814965
13633616
13751572
15477313
11581370
11173058
13348982
11022590
14455673
14236760
11423369
13350654
14106215
14240780
13743308
13845444
13531317
11358787
13777269
21178298
19367142
14028026
13569548
14236853
11640866
14236381
11626892
15634942
11086094
12968804
14100201
13590345
12060910
27162587
12151853
13727083
27391257
11626885
12968913
12968998
14106592
13732622
12171279
11472499
11292714
13221146
11149476
11293891
11551259
27399502
11955216
13840342
13395336
20715265
14036077
11548594
20543691
11509416
11504956
14106228
11017307
20990631
14014440
13727046
11455945
13576340
13457377
14151273
11088038
11441025
11577237
13741531
12968737
14105184
14017208
12972643
10102727
13577226
11531869
11626887
14028174
20545276
12968867
14026237
14025961
20874142
13882981
14018222
11220768
13839390
13743330
11551264
13548113
13830315
19107135
11532004
13732651
11438091
11165118
13830993
11777578
13779772
11181589
11086845
13743842
11439117
14021766
13731877
11617470
13671699
13651708
13104183
11630463
11434279
12972969
14023034
11977848
14026700
14152755
13543343
13536934
11028502
11421756
13724584
14021454
14253098
13365370
12102726
12968838
15011375
14106222
11748437
13341777
11429315
13746317
13537839
12045556
21177207
11626594
13742349
13290867
13300413
13355513
13537431
11081321
13532211
13882869
13342965
11700587
11094553
20583994
12968936
20583834
11423690
13519045
11747962
13733120
12972282
13778026
13741486
13395330
12139677
20624112
12010332
13519036
14016615
11428536
11782253
14457554
13288237
14008246
13043234
13409076
11780186
13342889
11845395
11439128
12968919
11529412
13838263
13724581
14152748
13454599
11343034
11290851
12968786
13516102
11455923
11308744
13342850
13532199
13532049
20585572
14228545
11469988
13531349
11530549
11219994
11201244
13345121
13731162
12025595
13288025
27391185
12177769
11629121
13590352
13514316
11298702
27400353
13731690
11078568
20563872
11471424
13651740
14236431
13221648
11322181
16061639
13447706
11577051
13306407
13226226
11777613
14031900
11530546
12972589
13821328
11575197
11636238
14038605
11457292
13359482
13742421
14083153
11510599
12972570
13746752
11844075
13812985
20584904
13653396
13651725
13565698
13499545
12968770
11470242
14014439
11776853
11626761
20545289
11530699
13746350
13973762
12968712
14018162
14027733
21833768
22984427
14152326
11438288
21444272
12968926
18785619
21273701
11105021
11818373
11282531
15396977
21177216
11554478
11425429
27202469
11507621
13300448
13514317
13545567
13838271
11470235
13356030
11006839
12724717
19354443
13777288
14252024
12972972
14182255
11391124
12302721
11759806
14005817
13565716
11782272
15398221
13831518
13746740
11036694
13537512
14021456
11626886
11450249
12968937
14017001
11507928
13188033
11575918
14026199
13899276
12052967
13273786
13539181
20503736
13555478
14146292
11094023
11747011
13725937
12902717
11631630
13372958
11242232
13751467
14205179
13908937
27202473
21833737
11155615
21813689
11538666
12968698
12787184
13883029
11626838
11625501
11215375
13724650
11451673
13545623
13519039
11575573
13539184
21178281
16135866
21177230
13515354
11299821
27391227
13780597
14026714
13807711
13327240
27864917
13838013
27398191
15477704
11276348
12973184
13344015
12973012
12785563
13850055
11286175
13065836
12968928
13575867
12973103
11581365
13532012
13839273
13287878
13537429
11133906
11514563
12973099
13651691
11741604
13579331
11157617
21703700
12804113
14486360
11115266
12968829
13730461
11431082
13539397
14031411
21833661
13516094
20999473
22273759
13653398
13342522
11745290
12714634
13858239
11155492
13545640
13746719
13999052
15585734
21178293
11239589
14156406
13532215
21443673
14083181
14021446
13299772
13882970
13833123
13812904
20543719
19629651
11510381
11625257
21833892
11270879
15398986
13173367
11435967
13737539
11455954
13565695
11255113
13362349
13850063
13355542
11147644
13569506
14196328
13355539
11429920
12968939
12968934
13505178
27391881
13738538
13582854
13536845
11145485
12972579
13737568
13784004
14151385
13983528
11431899
11535741
11253807
13548109
13731678
13543315
14019986
14151851
15382987
13619891
12715038
12968833
12973102
11388303
13731472
11786591
21114105
13349120
11105330
14151279
13833051
11040456
12968840
11217266
14014393
11625202
12968813
11626841
11423138
12968915
11777568
13362335
11962337
12968803
11503697
13833908
13565733
12056625
11312019
20999470
13730150
14018161
12788036
14035925
14236351
12785911
11425825
13382454
12968811
13565765
11828645
12968935
14004621
11582566
13358087
18959073
13883420
13183309
13074721
11519860
13807686
14106649
11625170
13342884
20715260
12969037
21703687
11817656
13539183
14003375
13569502
11630202
12968836
11420230
14095267
13746380
11519867
13726685
13590378
27399519
13416752
13158629
13150783
12968718
13767034
14236419
13288049
13537835
13741166
13520283
13160773
21176962
27178947
11930425
11425721
13808344
13354571
14032038
11093818
11546849
13562032
13762408
13762420
11521339
13905610
13531323
13102761
12968800
11078097
13716373
11283401
13835578
13507675
12968914
21177745
11473590
11639927
15447179
13372973
11751991
19231801
13856482
19548988
11797656
11169509
11468117
11275734
19504810
11428977
11775320
12872485
26880078
13667170
13569512
13843078
11259829
11778402
11023432
27374321
13651803
13537124
21114140
21154369
13737532
13762273
11120540
11534454
13831788
13300426
12786334
13422608
11223288
13326907
11196456
13532188
11614154
13850384
14154094
13782056
11747645
13358894
12003338
12972825
13746377
14003452
11095275
11282805
11470206
12968817
14026172
11473965
12968719
13342856
21177785
13808187
11167143
13697528
11119962
13531356
13299253
13651771
11561232
null
14011195
13746769
11816452
13537513
11420226
20567812
13293103
13511624
12973313
13341683
11020992
12056171
15487494
12972968
13841953
13501543
13754186
13905501
13746737
14397352
12968843
11460088
13499801
11626888
21833740
13861670
11624049
14154098
14151652
11549692
13536935
12973097
13183587
13741482
13902783
15477716
13545629
12973031
11552422
14004933
12968921
14229944
19499417
13582812
13882978
12024359
11283482
21177426
11181311
12968933
14065496
13903902
13514306
20567820
11044102
13065841
12968646
13706338
14179704
11447855
12968715
11430092
11775970
11623209
20584978
12922615
13531957
13513028
13731958
13727300
14005019
21483778
11777608
14016589
13739345
21177205
13731175
13161687
13532170
13537114
13845490
11770125
19493623
13287876
13831436
11421845
13532149
11044415
11503924
14244333
13808356
11183850
12968927
11581060
13297299
13515356
11529286
14083447
11922460
13742501
13548119
11777572
20567794
20714653
12973108
13016059
11207326
11777573
27391152
12285909
11777143
13741519
13838270
13739566
13908822
21176911
11438266
13287641
13725797
14178282
13350605
13074843
20543844
14016607
21705331
11113905
11519770
13733769
11478004
11104633
13446553
13884056
11188102
14222335
14042790
11457744
12973305
13539131
11625197
14001789
14019857
11530548
12968932
11106317
13718157
21293771
20545056
13741522
11581367
15162323
21445525
11425829
11552664
11579540
13794799
11580630
14026618
13724583
11471689
11186670
21703776
11161020
11094747
27400208
13981532
13725994
21293772
13537372
29995044
12005322
12020683
13725793
13830241
13537498
13732606
13885445
12968816
11129462
11244064
13733118
11807033
13540708
11271840
15184641
14027276
13724582
13053299
13831479
14253104
13532103
21178277
12973100
12968925
14106216
14236643
11628015
21177605
11530703
21374568
13840039
21178391
14004624
14236873
11427288
12968830
14181135
11246234
13151016
14181629
11427990
13743983
11127815
11315850
11510961
13288005
13292725
14196397
13746514
11794619
11519857
11584619
13065839
13751879
13843097
13353162
15477749
13582855
13330809
13671725
13545658
13342934
12968916
12973050
13297954
11507914
22273752
11359578
13543353
12968917
13775266
13731680
11580716
21444227
11787196
20794281
14151314
11391435
11258272
11425006
11528959
13831313
13858011
11354995
11552371
11089216
14003377
11626835
11282820
13815891
13033032
13760562
11579971
21177285
13569193
11294762
13406392
13173008
19367351
13537335
13762487
14119982
11139681
11438285
11779079
13722888
13537603
11299613
14012887
13293101
11170961
11359340
13698820
13569471
21443678
13830437
14005457
19055145
13732271
11143775
21263513
11536947
11756520
11050903
14001755
11449395
13899485
20999438
21153875
13590311
11209441
13651788
12968920
11536946
13305527
13569475
13355518
14013305
13531715
11863086
12177777
14028173
21177361
11530547
12968736
13187855
11994854
11626890
13843063
27242541
21833828
11576089
13789563
20444255
11036790
14466092
19055148
13786586
20990357
11506149
14054505
27383670
14258608
13725880
14012782
21443912
12973088
11505120
13532127
14005973
11424127
13193081
10102067
13537790
11469931
11639276
14038762
13567302
11272522
13845366
13432420
11502302
13292834
11964083
14252567
27391297
13834129
11308901
13409068
11626891
13569430
13537497
14179695
13537227
14236329
14252029
11639271
11506655
11461099
11519858
11032834
11451607
14084613
12968653
13839994
13679858
13807648
13411110
19033526
10101191
11447006
13290121
21178314
11529436
13355544
12135997
12123307
11434476
13653366
11626837
20990654
11249585
21176935
13882953
14151170
13809167
12972571
20794257
11577034
11529419
13239885
11165164
13725894
13781301
13846519
21177288
13999269
14025962
27314064
14151821
13808460
18724536
13229763
11519862
11490291
27166495
20584448
11626839
14240536
12968671
11069029
11013103
13725867
20990691
14011316
14180800
20566328
11238672
13800456
13532219
20444271
13582856
11137129
13746408
13727307
12968924
11177275
11549721
13014455
13150750
11538609
11777049
21704977
14018724
21153867
13873050
14182376
11575159
13519027
13532046
19345692
11236925
19314074
14027768
13793862
21813694
12968842
11530555
11527784
11289693
14112422
13041864
21445753
13287912
11421689
11504117
12973087
14022037
15585781
15585343
13767628
13343503
12972617
13723276
13532198
12972492
21584345
11548661
13850080
11467416
13723329
13033013
11777577
13532151
14158633
13274708
13516099
13516110
13569568
11168589
14027280
13742359
13548189
12968929
13548187
21176950
14154005
13351345
13539195
13733331
13730387
11472522
13367470
12968940
13466213
11785541
11438324
19550761
11642664
11913526
13355543
12876379
13767551
13287947
14183314
21178299
13354550
13353219
21543772
13582795
14026185
14012703
15184703
13564921
13724631
13308188
12922532
13723227
13739335
14027294
21706043
13746733
11242111
13732276
20543692
11621911
13850054
11319137
20545080
11577323
14083413
11551263
13739326
